### IJmapping 
## TYPE: fev10 FLIPX: 1 FLIPY: 1
#chip channel I J
0 0 31 24
0 1 31 25
0 2 31 26
0 3 30 29
0 4 29 27
0 5 30 27
0 6 31 27
0 7 30 31
0 8 30 26
0 9 31 29
0 10 31 30
0 11 29 26
0 12 30 28
0 13 29 30
0 14 30 24
0 15 29 29
0 16 31 31
0 17 29 25
0 18 29 28
0 19 29 31
0 20 28 27
0 21 31 28
0 22 30 30
0 23 28 26
0 24 30 25
0 25 28 31
0 26 29 24
0 27 28 29
0 28 28 30
0 29 28 25
0 30 28 28
0 31 27 31
0 32 27 30
0 33 27 29
0 34 28 24
0 35 26 31
0 36 27 28
0 37 27 26
0 38 25 31
0 39 24 28
0 40 27 27
0 41 26 30
0 42 26 27
0 43 27 25
0 44 25 30
0 45 26 29
0 46 27 24
0 47 24 31
0 48 26 28
0 49 26 26
0 50 25 29
0 51 24 25
0 52 26 25
0 53 24 30
0 54 25 28
0 55 25 25
0 56 24 27
0 57 24 26
0 58 25 27
0 59 26 24
0 60 24 29
0 61 24 24
0 62 25 24
0 63 25 26
1 0 24 23
1 1 24 22
1 2 24 21
1 3 25 18
1 4 26 20
1 5 25 20
1 6 24 20
1 7 25 16
1 8 25 21
1 9 24 18
1 10 24 17
1 11 26 21
1 12 25 19
1 13 26 17
1 14 25 23
1 15 26 18
1 16 24 16
1 17 26 22
1 18 26 19
1 19 26 16
1 20 27 20
1 21 24 19
1 22 25 17
1 23 27 21
1 24 25 22
1 25 27 16
1 26 26 23
1 27 27 18
1 28 27 17
1 29 27 22
1 30 27 19
1 31 28 16
1 32 28 17
1 33 28 18
1 34 27 23
1 35 29 16
1 36 28 19
1 37 28 21
1 38 30 16
1 39 31 19
1 40 28 20
1 41 29 17
1 42 29 20
1 43 28 22
1 44 30 17
1 45 29 18
1 46 28 23
1 47 31 16
1 48 29 19
1 49 29 21
1 50 30 18
1 51 31 22
1 52 29 22
1 53 31 17
1 54 30 19
1 55 30 22
1 56 31 20
1 57 31 21
1 58 30 20
1 59 29 23
1 60 31 18
1 61 31 23
1 62 30 23
1 63 30 21
2 0 23 24
2 1 23 25
2 2 23 26
2 3 22 29
2 4 21 27
2 5 22 27
2 6 23 27
2 7 22 31
2 8 22 26
2 9 23 29
2 10 23 30
2 11 21 26
2 12 22 28
2 13 21 30
2 14 22 24
2 15 21 29
2 16 23 31
2 17 21 25
2 18 21 28
2 19 21 31
2 20 20 27
2 21 23 28
2 22 22 30
2 23 20 26
2 24 22 25
2 25 20 31
2 26 21 24
2 27 20 29
2 28 20 30
2 29 20 25
2 30 20 28
2 31 19 31
2 32 19 30
2 33 19 29
2 34 20 24
2 35 18 31
2 36 19 28
2 37 19 26
2 38 17 31
2 39 16 28
2 40 19 27
2 41 18 30
2 42 18 27
2 43 19 25
2 44 17 30
2 45 18 29
2 46 19 24
2 47 16 31
2 48 18 28
2 49 18 26
2 50 17 29
2 51 16 25
2 52 18 25
2 53 16 30
2 54 17 28
2 55 17 25
2 56 16 27
2 57 16 26
2 58 17 27
2 59 18 24
2 60 16 29
2 61 16 24
2 62 17 24
2 63 17 26
3 0 16 23
3 1 16 22
3 2 16 21
3 3 17 18
3 4 18 20
3 5 17 20
3 6 16 20
3 7 17 16
3 8 17 21
3 9 16 18
3 10 16 17
3 11 18 21
3 12 17 19
3 13 18 17
3 14 17 23
3 15 18 18
3 16 16 16
3 17 18 22
3 18 18 19
3 19 18 16
3 20 19 20
3 21 16 19
3 22 17 17
3 23 19 21
3 24 17 22
3 25 19 16
3 26 18 23
3 27 19 18
3 28 19 17
3 29 19 22
3 30 19 19
3 31 20 16
3 32 20 17
3 33 20 18
3 34 19 23
3 35 21 16
3 36 20 19
3 37 20 21
3 38 22 16
3 39 23 19
3 40 20 20
3 41 21 17
3 42 21 20
3 43 20 22
3 44 22 17
3 45 21 18
3 46 20 23
3 47 23 16
3 48 21 19
3 49 21 21
3 50 22 18
3 51 23 22
3 52 21 22
3 53 23 17
3 54 22 19
3 55 22 22
3 56 23 20
3 57 23 21
3 58 22 20
3 59 21 23
3 60 23 18
3 61 23 23
3 62 22 23
3 63 22 21
4 0 15 24
4 1 15 25
4 2 15 26
4 3 14 29
4 4 13 27
4 5 14 27
4 6 15 27
4 7 14 31
4 8 14 26
4 9 15 29
4 10 15 30
4 11 13 26
4 12 14 28
4 13 13 30
4 14 14 24
4 15 13 29
4 16 15 31
4 17 13 25
4 18 13 28
4 19 13 31
4 20 12 27
4 21 15 28
4 22 14 30
4 23 12 26
4 24 14 25
4 25 12 31
4 26 13 24
4 27 12 29
4 28 12 30
4 29 12 25
4 30 12 28
4 31 11 31
4 32 11 30
4 33 11 29
4 34 12 24
4 35 10 31
4 36 11 28
4 37 11 26
4 38 9 31
4 39 8 28
4 40 11 27
4 41 10 30
4 42 10 27
4 43 11 25
4 44 9 30
4 45 10 29
4 46 11 24
4 47 8 31
4 48 10 28
4 49 10 26
4 50 9 29
4 51 8 25
4 52 10 25
4 53 8 30
4 54 9 28
4 55 9 25
4 56 8 27
4 57 8 26
4 58 9 27
4 59 10 24
4 60 8 29
4 61 8 24
4 62 9 24
4 63 9 26
5 0 8 23
5 1 8 22
5 2 8 21
5 3 9 18
5 4 10 20
5 5 9 20
5 6 8 20
5 7 9 16
5 8 9 21
5 9 8 18
5 10 8 17
5 11 10 21
5 12 9 19
5 13 10 17
5 14 9 23
5 15 10 18
5 16 8 16
5 17 10 22
5 18 10 19
5 19 10 16
5 20 11 20
5 21 8 19
5 22 9 17
5 23 11 21
5 24 9 22
5 25 11 16
5 26 10 23
5 27 11 18
5 28 11 17
5 29 11 22
5 30 11 19
5 31 12 16
5 32 12 17
5 33 12 18
5 34 11 23
5 35 13 16
5 36 12 19
5 37 12 21
5 38 14 16
5 39 15 19
5 40 12 20
5 41 13 17
5 42 13 20
5 43 12 22
5 44 14 17
5 45 13 18
5 46 12 23
5 47 15 16
5 48 13 19
5 49 13 21
5 50 14 18
5 51 15 22
5 52 13 22
5 53 15 17
5 54 14 19
5 55 14 22
5 56 15 20
5 57 15 21
5 58 14 20
5 59 13 23
5 60 15 18
5 61 15 23
5 62 14 23
5 63 14 21
6 0 7 24
6 1 7 25
6 2 7 26
6 3 6 29
6 4 5 27
6 5 6 27
6 6 7 27
6 7 6 31
6 8 6 26
6 9 7 29
6 10 7 30
6 11 5 26
6 12 6 28
6 13 5 30
6 14 6 24
6 15 5 29
6 16 7 31
6 17 5 25
6 18 5 28
6 19 5 31
6 20 4 27
6 21 7 28
6 22 6 30
6 23 4 26
6 24 6 25
6 25 4 31
6 26 5 24
6 27 4 29
6 28 4 30
6 29 4 25
6 30 4 28
6 31 3 31
6 32 3 30
6 33 3 29
6 34 4 24
6 35 2 31
6 36 3 28
6 37 3 26
6 38 1 31
6 39 0 28
6 40 3 27
6 41 2 30
6 42 2 27
6 43 3 25
6 44 1 30
6 45 2 29
6 46 3 24
6 47 0 31
6 48 2 28
6 49 2 26
6 50 1 29
6 51 0 25
6 52 2 25
6 53 0 30
6 54 1 28
6 55 1 25
6 56 0 27
6 57 0 26
6 58 1 27
6 59 2 24
6 60 0 29
6 61 0 24
6 62 1 24
6 63 1 26
7 0 0 23
7 1 0 22
7 2 0 21
7 3 1 18
7 4 2 20
7 5 1 20
7 6 0 20
7 7 1 16
7 8 1 21
7 9 0 18
7 10 0 17
7 11 2 21
7 12 1 19
7 13 2 17
7 14 1 23
7 15 2 18
7 16 0 16
7 17 2 22
7 18 2 19
7 19 2 16
7 20 3 20
7 21 0 19
7 22 1 17
7 23 3 21
7 24 1 22
7 25 3 16
7 26 2 23
7 27 3 18
7 28 3 17
7 29 3 22
7 30 3 19
7 31 4 16
7 32 4 17
7 33 4 18
7 34 3 23
7 35 5 16
7 36 4 19
7 37 4 21
7 38 6 16
7 39 7 19
7 40 4 20
7 41 5 17
7 42 5 20
7 43 4 22
7 44 6 17
7 45 5 18
7 46 4 23
7 47 7 16
7 48 5 19
7 49 5 21
7 50 6 18
7 51 7 22
7 52 5 22
7 53 7 17
7 54 6 19
7 55 6 22
7 56 7 20
7 57 7 21
7 58 6 20
7 59 5 23
7 60 7 18
7 61 7 23
7 62 6 23
7 63 6 21
8 0 31 8
8 1 31 9
8 2 31 10
8 3 30 13
8 4 29 11
8 5 30 11
8 6 31 11
8 7 30 15
8 8 30 10
8 9 31 13
8 10 31 14
8 11 29 10
8 12 30 12
8 13 29 14
8 14 30 8
8 15 29 13
8 16 31 15
8 17 29 9
8 18 29 12
8 19 29 15
8 20 28 11
8 21 31 12
8 22 30 14
8 23 28 10
8 24 30 9
8 25 28 15
8 26 29 8
8 27 28 13
8 28 28 14
8 29 28 9
8 30 28 12
8 31 27 15
8 32 27 14
8 33 27 13
8 34 28 8
8 35 26 15
8 36 27 12
8 37 27 10
8 38 25 15
8 39 24 12
8 40 27 11
8 41 26 14
8 42 26 11
8 43 27 9
8 44 25 14
8 45 26 13
8 46 27 8
8 47 24 15
8 48 26 12
8 49 26 10
8 50 25 13
8 51 24 9
8 52 26 9
8 53 24 14
8 54 25 12
8 55 25 9
8 56 24 11
8 57 24 10
8 58 25 11
8 59 26 8
8 60 24 13
8 61 24 8
8 62 25 8
8 63 25 10
9 0 24 7
9 1 24 6
9 2 24 5
9 3 25 2
9 4 26 4
9 5 25 4
9 6 24 4
9 7 25 0
9 8 25 5
9 9 24 2
9 10 24 1
9 11 26 5
9 12 25 3
9 13 26 1
9 14 25 7
9 15 26 2
9 16 24 0
9 17 26 6
9 18 26 3
9 19 26 0
9 20 27 4
9 21 24 3
9 22 25 1
9 23 27 5
9 24 25 6
9 25 27 0
9 26 26 7
9 27 27 2
9 28 27 1
9 29 27 6
9 30 27 3
9 31 28 0
9 32 28 1
9 33 28 2
9 34 27 7
9 35 29 0
9 36 28 3
9 37 28 5
9 38 30 0
9 39 31 3
9 40 28 4
9 41 29 1
9 42 29 4
9 43 28 6
9 44 30 1
9 45 29 2
9 46 28 7
9 47 31 0
9 48 29 3
9 49 29 5
9 50 30 2
9 51 31 6
9 52 29 6
9 53 31 1
9 54 30 3
9 55 30 6
9 56 31 4
9 57 31 5
9 58 30 4
9 59 29 7
9 60 31 2
9 61 31 7
9 62 30 7
9 63 30 5
10 0 23 8
10 1 23 9
10 2 23 10
10 3 22 13
10 4 21 11
10 5 22 11
10 6 23 11
10 7 22 15
10 8 22 10
10 9 23 13
10 10 23 14
10 11 21 10
10 12 22 12
10 13 21 14
10 14 22 8
10 15 21 13
10 16 23 15
10 17 21 9
10 18 21 12
10 19 21 15
10 20 20 11
10 21 23 12
10 22 22 14
10 23 20 10
10 24 22 9
10 25 20 15
10 26 21 8
10 27 20 13
10 28 20 14
10 29 20 9
10 30 20 12
10 31 19 15
10 32 19 14
10 33 19 13
10 34 20 8
10 35 18 15
10 36 19 12
10 37 19 10
10 38 17 15
10 39 16 12
10 40 19 11
10 41 18 14
10 42 18 11
10 43 19 9
10 44 17 14
10 45 18 13
10 46 19 8
10 47 16 15
10 48 18 12
10 49 18 10
10 50 17 13
10 51 16 9
10 52 18 9
10 53 16 14
10 54 17 12
10 55 17 9
10 56 16 11
10 57 16 10
10 58 17 11
10 59 18 8
10 60 16 13
10 61 16 8
10 62 17 8
10 63 17 10
11 0 16 7
11 1 16 6
11 2 16 5
11 3 17 2
11 4 18 4
11 5 17 4
11 6 16 4
11 7 17 0
11 8 17 5
11 9 16 2
11 10 16 1
11 11 18 5
11 12 17 3
11 13 18 1
11 14 17 7
11 15 18 2
11 16 16 0
11 17 18 6
11 18 18 3
11 19 18 0
11 20 19 4
11 21 16 3
11 22 17 1
11 23 19 5
11 24 17 6
11 25 19 0
11 26 18 7
11 27 19 2
11 28 19 1
11 29 19 6
11 30 19 3
11 31 20 0
11 32 20 1
11 33 20 2
11 34 19 7
11 35 21 0
11 36 20 3
11 37 20 5
11 38 22 0
11 39 23 3
11 40 20 4
11 41 21 1
11 42 21 4
11 43 20 6
11 44 22 1
11 45 21 2
11 46 20 7
11 47 23 0
11 48 21 3
11 49 21 5
11 50 22 2
11 51 23 6
11 52 21 6
11 53 23 1
11 54 22 3
11 55 22 6
11 56 23 4
11 57 23 5
11 58 22 4
11 59 21 7
11 60 23 2
11 61 23 7
11 62 22 7
11 63 22 5
12 0 15 8
12 1 15 9
12 2 15 10
12 3 14 13
12 4 13 11
12 5 14 11
12 6 15 11
12 7 14 15
12 8 14 10
12 9 15 13
12 10 15 14
12 11 13 10
12 12 14 12
12 13 13 14
12 14 14 8
12 15 13 13
12 16 15 15
12 17 13 9
12 18 13 12
12 19 13 15
12 20 12 11
12 21 15 12
12 22 14 14
12 23 12 10
12 24 14 9
12 25 12 15
12 26 13 8
12 27 12 13
12 28 12 14
12 29 12 9
12 30 12 12
12 31 11 15
12 32 11 14
12 33 11 13
12 34 12 8
12 35 10 15
12 36 11 12
12 37 11 10
12 38 9 15
12 39 8 12
12 40 11 11
12 41 10 14
12 42 10 11
12 43 11 9
12 44 9 14
12 45 10 13
12 46 11 8
12 47 8 15
12 48 10 12
12 49 10 10
12 50 9 13
12 51 8 9
12 52 10 9
12 53 8 14
12 54 9 12
12 55 9 9
12 56 8 11
12 57 8 10
12 58 9 11
12 59 10 8
12 60 8 13
12 61 8 8
12 62 9 8
12 63 9 10
13 0 8 7
13 1 8 6
13 2 8 5
13 3 9 2
13 4 10 4
13 5 9 4
13 6 8 4
13 7 9 0
13 8 9 5
13 9 8 2
13 10 8 1
13 11 10 5
13 12 9 3
13 13 10 1
13 14 9 7
13 15 10 2
13 16 8 0
13 17 10 6
13 18 10 3
13 19 10 0
13 20 11 4
13 21 8 3
13 22 9 1
13 23 11 5
13 24 9 6
13 25 11 0
13 26 10 7
13 27 11 2
13 28 11 1
13 29 11 6
13 30 11 3
13 31 12 0
13 32 12 1
13 33 12 2
13 34 11 7
13 35 13 0
13 36 12 3
13 37 12 5
13 38 14 0
13 39 15 3
13 40 12 4
13 41 13 1
13 42 13 4
13 43 12 6
13 44 14 1
13 45 13 2
13 46 12 7
13 47 15 0
13 48 13 3
13 49 13 5
13 50 14 2
13 51 15 6
13 52 13 6
13 53 15 1
13 54 14 3
13 55 14 6
13 56 15 4
13 57 15 5
13 58 14 4
13 59 13 7
13 60 15 2
13 61 15 7
13 62 14 7
13 63 14 5
14 0 7 8
14 1 7 9
14 2 7 10
14 3 6 13
14 4 5 11
14 5 6 11
14 6 7 11
14 7 6 15
14 8 6 10
14 9 7 13
14 10 7 14
14 11 5 10
14 12 6 12
14 13 5 14
14 14 6 8
14 15 5 13
14 16 7 15
14 17 5 9
14 18 5 12
14 19 5 15
14 20 4 11
14 21 7 12
14 22 6 14
14 23 4 10
14 24 6 9
14 25 4 15
14 26 5 8
14 27 4 13
14 28 4 14
14 29 4 9
14 30 4 12
14 31 3 15
14 32 3 14
14 33 3 13
14 34 4 8
14 35 2 15
14 36 3 12
14 37 3 10
14 38 1 15
14 39 0 12
14 40 3 11
14 41 2 14
14 42 2 11
14 43 3 9
14 44 1 14
14 45 2 13
14 46 3 8
14 47 0 15
14 48 2 12
14 49 2 10
14 50 1 13
14 51 0 9
14 52 2 9
14 53 0 14
14 54 1 12
14 55 1 9
14 56 0 11
14 57 0 10
14 58 1 11
14 59 2 8
14 60 0 13
14 61 0 8
14 62 1 8
14 63 1 10
15 0 0 7
15 1 0 6
15 2 0 5
15 3 1 2
15 4 2 4
15 5 1 4
15 6 0 4
15 7 1 0
15 8 1 5
15 9 0 2
15 10 0 1
15 11 2 5
15 12 1 3
15 13 2 1
15 14 1 7
15 15 2 2
15 16 0 0
15 17 2 6
15 18 2 3
15 19 2 0
15 20 3 4
15 21 0 3
15 22 1 1
15 23 3 5
15 24 1 6
15 25 3 0
15 26 2 7
15 27 3 2
15 28 3 1
15 29 3 6
15 30 3 3
15 31 4 0
15 32 4 1
15 33 4 2
15 34 3 7
15 35 5 0
15 36 4 3
15 37 4 5
15 38 6 0
15 39 7 3
15 40 4 4
15 41 5 1
15 42 5 4
15 43 4 6
15 44 6 1
15 45 5 2
15 46 4 7
15 47 7 0
15 48 5 3
15 49 5 5
15 50 6 2
15 51 7 6
15 52 5 6
15 53 7 1
15 54 6 3
15 55 6 6
15 56 7 4
15 57 7 5
15 58 6 4
15 59 5 7
15 60 7 2
15 61 7 7
15 62 6 7
15 63 6 5
